#Source and processed array data
#Sat Feb 25 19:08:30 ALMT 2023
m00=0.7673073666722896
m01=-9.570511354358096
m02=2.5405751028175256
m03=-6.012416376719141
m04=-7.675660724105146
m10=9.25852472263838
m11=4.23540908577764
m12=-0.6338762965817484
m13=-8.796367002478057
m14=-2.957560684235405
m20=1.0639961062702774
m21=3.9323619403583816
m22=-0.6600629238883435
m23=-6.1188618358437585
m24=-6.582244044700669
m30=5.34341436525964
m31=2.461704782220661
m32=4.594840813980248
m33=3.0078202766769113
m34=-5.339642473774706
r00=0.77
r01=-9.57
r02=2.54
r03=-6.01
r04=-7.68
r10=9.26
r11=4.24
r12=-0.63
r13=-8.8
r14=-2.96
r20=1.06
r21=3.93
r22=-0.66
r23=-6.12
r24=-6.58
r30=5.34
r31=2.46
r32=4.59
r33=3.01
r34=-5.34
