#Source and processed array data
#Sat Feb 25 19:06:57 ALMT 2023
m00=-4.5998120466617625
m01=-7.923511412417379
m02=-3.3639078000776994
m03=2.470534188843306
m04=-3.3979729206581366
m10=-9.452709869065139
m11=-2.3683932237783782
m12=3.224326463207861
m13=8.634464958877267
m14=3.957188862966417
m20=-6.502143922823027
m21=-5.613156172855447
m22=0.0
m23=7.986514764039711
m24=4.504572334015213
m30=4.24157268418635
m31=7.773821696758883
m32=-8.880738302831638
m33=-8.132470572685973
m34=-3.8605776277217974
r00=1.0
r01=1.0
r02=1.0
r03=1.0
r04=1.0
r10=1.0
r11=1.0
r12=1.0
r13=1.0
r14=1.0
r20=1.0
r21=1.0
r22=0.0
r23=1.0
r24=1.0
r30=1.0
r31=1.0
r32=1.0
r33=1.0
r34=1.0
